-28 23
-18 7
0 12
-8 35
-1 32
-18 -8
-28 1
-17 -8
12 24
-27 32
-8 4
-18 24
22 15
-27 12
9 -28
-18 32
22 -28
23 -8
32 -14
-28 7
2 25
12 -3
32 3
2 -17
-4 -8
-18 -10
-28 13
12 28
-8 18
24 -8
8 32
2 -5
-6 -8
32 -28
32 6
2 -23
2 10
-18 19
-1 -28
34 -28
12 -12
9 32
-7 -8
-8 -5
22 -23
22 0
-21 -8
32 -29
-13 -28
-28 -11
12 -15
-18 -31
32 -16
22 -2
22 31
-28 0
-8 24
-8 -30
-28 10
18 12
-24 12
-2 32
10 12
31 -28
22 13
2 -26
3 -28
-28 -4
22 -9
-18 4
12 -5
23 12
-18 -20
10 -8
6 -28
20 12
32 -9
-28 18
29 12
-8 23
32 21
-19 32
22 19
32 9
32 -8
32 -10
-8 2
12 -19
-29 -8
12 17
12 21
-18 -19
12 -29
2 23
8 -28
-28 12
2 21
-18 35
-8 -2
26 32
-28 -21
12 26
-28 30
-5 -28
32 31
-10 -28
12 13
2 27
-29 -28
-25 -28
-18 21
11 -8
-18 -16
-28 -30
32 14
-3 12
-25 32
2 19
-18 -23
25 -28
22 -29
-25 -8
29 32
-28 16
12 19
32 -13
32 28
2 -11
-28 5
-8 27
-8 -25
27 -28
32 -18
-8 -24
-23 -8
22 -27
-26 12
12 29
12 8
33 12
-8 -14
-8 25
-18 -29
-8 12
-28 26
19 32
-18 11
-4 12
-8 -28
22 11
-8 14
-30 -28
-28 14
32 20
34 32
-28 4
-18 3
-13 -8
12 -27
22 3
7 12
12 -9
22 16
22 20
12 -22
28 32
-15 32
-28 29
-7 32
32 27
-28 -17
-18 -4
12 2
34 12
22 -20
-8 -1
-28 19
11 -28
-8 16
-8 33
-18 12
22 -6
-28 24
-28 27
22 12
17 -28
2 3
22 -22
13 -28
22 6
12 16
14 -28
-8 -23
24 32
3 -8
12 -30
12 34
21 32
2 -19
-21 12
-28 -27
-28 2
-31 32
5 -28
32 22
-18 23
-28 -23
2 1
32 7
-8 11
17 12
33 32
30 -8
-8 -21
-8 -11
12 6
22 -19
-28 11
-18 15
-3 -8
32 -31
-14 32
32 -3
-18 29
22 -16
-14 12
-9 32
12 12
32 12
-23 32
-18 -11
4 32
2 22
21 -28
16 12
15 -8
-29 12
30 32
-24 -28
26 -8
-18 -1
-18 6
2 14
-8 6
-8 -19
12 -10
1 -8
-18 30
12 4
12 14
19 -8
-28 -1
12 15
-4 32
8 12
22 21
-29 32
2 13
-18 10
2 -13
12 -8
16 -8
32 -23
32 17
24 12
3 12
21 -8
-6 12
-18 1
12 7
2 -12
2 -4
2 20
-8 31
-18 -18
-28 8
12 23
12 0
10 32
-31 -28
-3 32
32 8
-28 31
-16 -28
-3 -28
23 32
-27 -8
22 -8
-16 32
-31 -8
-18 -15
12 9
-18 17
12 1
30 -28
27 12
-4 -28
22 -13
-18 2
-8 8
0 32
12 -21
-18 18
-8 -16
-31 12
12 -14
-8 -3
-7 -28
-28 25
-18 -2
2 2
22 34
32 34
12 33
17 -8
35 -28
2 26
-6 32
20 32
-19 -28
-8 -8
22 9
-28 -20
32 -27
-8 1
-8 -7
-8 7
-20 12
-8 17
32 30
22 33
-8 29
-18 -14
-24 32
2 -20
-8 21
35 12
32 32
-18 -28
-28 33
-28 -9
2 -29
1 32
32 26
2 18
-8 -9
-13 32
0 -28
12 -23
-8 -6
31 32
33 -8
22 -17
-8 -20
29 -28
22 17
32 25
-28 17
22 -4
-18 34
22 -21
22 26
32 -25
2 24
22 -1
32 10
19 -28
30 12
-15 -8
-18 8
-2 -8
-18 9
22 4
32 24
-30 32
12 -31
7 32
25 12
-12 -8
-8 26
-26 -28
-8 10
2 15
-18 31
2 29
-2 12
2 -8
2 -30
-18 -30
-5 12
-9 -28
-28 -5
2 -7
-28 22
14 -8
32 18
2 34
-28 15
-2 -28
-18 -13
22 23
29 -8
22 30
26 -28
32 -11
-12 12
12 -25
22 -30
24 -28
27 32
15 32
11 12
22 5
-8 -12
2 6
25 32
-8 -13
-28 20
-12 -28
18 32
0 -8
-18 -27
22 1
2 -1
-9 -8
32 -24
12 -1
-28 32
-30 -8
22 25
-8 -4
-18 -21
22 8
12 11
32 5
22 -5
-28 3
22 -26
12 22
-8 0
-18 0
-28 35
32 -4
-18 -26
-8 -22
-8 32
32 -2
-21 -28
32 29
4 -8
-28 6
-5 -8
-8 -18
28 -8
12 -20
-8 13
2 -2
-11 -8
22 -12
22 18
2 4
2 -14
13 12
32 -20
6 -8
-18 13
12 -13
12 27
-23 12
32 19
2 -28
22 -10
22 -18
22 -25
-8 -29
22 28
2 -21
19 12
-18 14
2 11
-28 -7
-30 12
2 -16
2 -22
11 32
18 -8
12 -16
35 -8
22 -11
2 8
32 -30
12 31
6 32
-8 -31
7 -8
10 -28
-8 -15
22 -3
-28 -3
-8 19
-18 -25
-18 26
22 10
-18 -9
31 12
32 -6
-12 32
22 2
32 -26
2 30
13 -8
-10 12
-28 -22
32 16
20 -8
-8 5
12 5
8 -8
-28 -15
-20 -28
2 -9
22 -24
2 -10
12 18
-16 12
12 25
-8 30
22 -7
32 4
12 -18
-28 -31
-27 -28
1 12
12 -28
-20 32
32 -17
22 27
-17 -28
-28 -16
2 16
-21 32
-14 -8
-8 20
31 -8
9 12
-8 -10
2 9
-18 28
28 -28
-18 20
15 12
-18 -17
32 -19
-7 12
-18 -22
2 28
-24 -8
-16 -8
22 -31
-18 -24
-18 33
12 10
32 -1
-28 -10
-18 -7
12 35
-1 12
-10 32
16 32
-19 -8
-23 -28
13 32
25 -8
-18 16
-18 -6
2 -31
22 -15
-17 12
-8 -17
-28 -13
28 12
22 7
27 -8
33 -28
15 -28
-11 12
-28 -25
32 15
-28 -28
2 -3
6 12
12 -26
-8 3
12 3
-18 -3
9 -8
2 12
7 -28
2 0
-8 -27
-28 -18
-28 -6
32 -15
-28 -26
-19 12
-8 -26
-22 32
2 35
-25 12
18 -28
12 20
-17 32
2 -27
12 -24
32 -22
22 29
-8 15
23 -28
4 -28
-18 27
12 -7
-8 28
-28 -29
-15 -28
-28 34
-5 32
12 30
-18 -5
17 32
2 -24
14 32
-28 9
-15 12
-8 34
22 35
-28 -12
-22 -28
-28 -2
22 32
-28 21
-26 -8
-26 32
32 -21
-11 -28
2 33
-14 -28
2 -25
-11 32
5 -8
-18 5
-28 28
16 -28
22 24
-22 12
-22 -8
32 35
-18 -12
21 12
2 17
-28 -14
34 -8
32 1
1 -28
12 -4
32 13
-13 12
22 14
3 32
2 -6
5 12
-20 -8
-6 -28
32 23
4 12
32 11
-18 25
22 22
2 -18
32 -7
-28 -8
-9 12
12 -2
-10 -8
-18 22
5 32
26 12
12 32
12 -6
2 7
-1 -8
32 0
-8 9
2 -15
22 -14
12 -11
-28 -24
35 32
-8 22
32 2
2 31
32 33
2 32
14 12
20 -28
32 -5
-28 -19
12 -17
32 -12
2 5
